myfft=[(1463.2672119)  (390.2146912)  (5.0763822)  (4.6616712)  (268.5207214)  (194.3112183)  (69.1632156)  (745.8363037)  (845.6265259)  (609.4932251)  (571.6526489)  (505.6157227)  (462.9822998)  (255.1699066)  (131.2107239)  (559.8411255)  (3617.5061035)  (559.8411255)  (131.2107239)  (255.1699066)  (462.9822998)  (505.6157227)  (571.6526489)  (609.4932251)  (845.6265259)  (745.8363037)  (69.1632156)  (194.3112183)  (268.5207214)  (4.6616712)  (5.0763822)  (390.2146912)  (1463.2672119)  ;
(191.9069977)  (74.0247040)  (0.0798974)  (18.4921780)  (92.7015228)  (7.2462926)  (11.9589596)  (72.4139938)  (117.1667328)  (161.5402985)  (376.6767578)  (377.4339600)  (143.4237061)  (3.5101273)  (0.0221029)  (61.2037849)  (390.1799316)  (61.2037849)  (0.0221029)  (3.5101273)  (143.4237061)  (377.4339600)  (376.6767578)  (161.5402985)  (117.1667328)  (72.4139938)  (11.9589596)  (7.2462926)  (92.7015228)  (18.4921780)  (0.0798974)  (74.0247040)  (191.9069977)  ;
(468.8063660)  (172.4348450)  (7.5997362)  (7.2235103)  (95.9269943)  (30.5634384)  (251.4122314)  (422.6422729)  (98.7429199)  (45.2346077)  (91.3871689)  (246.3567810)  (437.4586792)  (249.8973694)  (30.0325871)  (324.8110962)  (1436.9486084)  (324.8110962)  (30.0325871)  (249.8973694)  (437.4586792)  (246.3567810)  (91.3871689)  (45.2346077)  (98.7429199)  (422.6422729)  (251.4122314)  (30.5634384)  (95.9269943)  (7.2235103)  (7.5997362)  (172.4348450)  (468.8063660)  ;
(659.2391968)  (318.7949524)  (15.5064344)  (82.6720734)  (374.7277832)  (33.2860794)  (126.8659286)  (481.1660461)  (631.5765991)  (745.3093872)  (1135.3204346)  (863.7155762)  (335.3272095)  (3.1248043)  (7.5907102)  (233.5561523)  (1172.2492676)  (233.5561523)  (7.5907102)  (3.1248043)  (335.3272095)  (863.7155762)  (1135.3204346)  (745.3093872)  (631.5765991)  (481.1660461)  (126.8659286)  (33.2860794)  (374.7277832)  (82.6720734)  (15.5064344)  (318.7949524)  (659.2391968)  ;
(44.2532654)  (0.0641098)  (72.7972260)  (4.1828442)  (6.1731486)  (65.5192719)  (577.1802979)  (38.0153427)  (421.1428223)  (428.8171692)  (257.7612000)  (15.7423515)  (134.3213501)  (173.7953644)  (4.0527816)  (17.4625244)  (15.7988110)  (17.4625244)  (4.0527816)  (173.7953644)  (134.3213501)  (15.7423515)  (257.7612000)  (428.8171692)  (421.1428223)  (38.0153427)  (577.1802979)  (65.5192719)  (6.1731486)  (4.1828442)  (72.7972260)  (0.0641098)  (44.2532654)  ;
(138.5686798)  (170.0641785)  (105.8817749)  (44.1909409)  (121.6160736)  (2.6152573)  (346.8966980)  (443.5274658)  (328.0068054)  (403.2357178)  (117.6168289)  (0.3897971)  (3.4903829)  (0.7456337)  (96.1590652)  (133.7838898)  (128.0972595)  (133.7838898)  (96.1590652)  (0.7456337)  (3.4903829)  (0.3897971)  (117.6168289)  (403.2357178)  (328.0068054)  (443.5274658)  (346.8966980)  (2.6152573)  (121.6160736)  (44.1909409)  (105.8817749)  (170.0641785)  (138.5686798)  ;
(50.1857491)  (25.4683533)  (0.0458783)  (2.1724634)  (55.9403419)  (150.5625458)  (154.9705811)  (112.2869644)  (701.5591431)  (324.0574036)  (264.9306641)  (261.0289917)  (10.3528614)  (114.3508835)  (35.7970467)  (45.0816841)  (240.7480164)  (45.0816841)  (35.7970467)  (114.3508835)  (10.3528614)  (261.0289917)  (264.9306641)  (324.0574036)  (701.5591431)  (112.2869644)  (154.9705811)  (150.5625458)  (55.9403419)  (2.1724634)  (0.0458783)  (25.4683533)  (50.1857491)  ;
(53.7431107)  (9.6604795)  (150.2718658)  (0.1569864)  (12.0963850)  (26.3190403)  (315.0128784)  (30.4928379)  (5.5587358)  (49.1395531)  (141.4353943)  (937.7816162)  (162.8167725)  (1.7080119)  (183.1040344)  (39.6876259)  (166.4163055)  (39.6876259)  (183.1040344)  (1.7080119)  (162.8167725)  (937.7816162)  (141.4353943)  (49.1395531)  (5.5587358)  (30.4928379)  (315.0128784)  (26.3190403)  (12.0963850)  (0.1569864)  (150.2718658)  (9.6604795)  (53.7431107)  ;
(398.7286072)  (1.9734254)  (253.5446930)  (9.8095646)  (4.2151136)  (60.5363159)  (103.2865982)  (519.3736572)  (91.4476471)  (171.6507416)  (231.8240967)  (15.2843294)  (19.8280296)  (283.4165344)  (781.6038208)  (90.2323685)  (90.3358154)  (90.2323685)  (781.6038208)  (283.4165344)  (19.8280296)  (15.2843294)  (231.8240967)  (171.6507416)  (91.4476471)  (519.3736572)  (103.2865982)  (60.5363159)  (4.2151136)  (9.8095646)  (253.5446930)  (1.9734254)  (398.7286072)  ;
(19.1194572)  (5.4103041)  (0.0428718)  (14.0305529)  (12.6377983)  (0.1025350)  (1.3215377)  (115.7409744)  (39.4243202)  (215.2689209)  (5.1167226)  (679.8331909)  (172.9554901)  (7.6076217)  (54.2816391)  (8.9392738)  (55.8730049)  (8.9392738)  (54.2816391)  (7.6076217)  (172.9554901)  (679.8331909)  (5.1167226)  (215.2689209)  (39.4243202)  (115.7409744)  (1.3215377)  (0.1025350)  (12.6377983)  (14.0305529)  (0.0428718)  (5.4103041)  (19.1194572)  ;
(827.2970581)  (23.9081020)  (240.9548187)  (41.1478539)  (105.6687012)  (0.2263530)  (228.9123077)  (223.6954193)  (87.8456345)  (1162.6656494)  (1396.8868408)  (257.5002136)  (89.2308197)  (559.4916382)  (1639.3187256)  (340.0033875)  (142.1672516)  (340.0033875)  (1639.3187256)  (559.4916382)  (89.2308197)  (257.5002136)  (1396.8868408)  (1162.6656494)  (87.8456345)  (223.6954193)  (228.9123077)  (0.2263530)  (105.6687012)  (41.1478539)  (240.9548187)  (23.9081020)  (827.2970581)  ;
(676.1087036)  (0.7171257)  (676.6834717)  (36.3190918)  (79.2131042)  (185.5348206)  (983.7407837)  (567.2149048)  (38.1447067)  (1498.0650635)  (2176.3925781)  (150.0993500)  (2.0527382)  (0.9029850)  (52.0029907)  (21.4504395)  (115.7677612)  (21.4504395)  (52.0029907)  (0.9029850)  (2.0527382)  (150.0993500)  (2176.3925781)  (1498.0650635)  (38.1447067)  (567.2149048)  (983.7407837)  (185.5348206)  (79.2131042)  (36.3190918)  (676.6834717)  (0.7171257)  (676.1087036)  ;
(9.2786331)  (67.1184998)  (11.9860315)  (609.7454224)  (350.9753723)  (4.9133124)  (57.0507126)  (36.0994949)  (15.0185299)  (161.9625702)  (363.4426880)  (719.7810059)  (718.3570557)  (405.2133789)  (885.8662109)  (2498.8061523)  (3740.3889160)  (2498.8061523)  (885.8662109)  (405.2133789)  (718.3570557)  (719.7810059)  (363.4426880)  (161.9625702)  (15.0185299)  (36.0994949)  (57.0507126)  (4.9133124)  (350.9753723)  (609.7454224)  (11.9860315)  (67.1184998)  (9.2786331)  ;
(1697.3798828)  (1.8456597)  (1114.3272705)  (6.5871005)  (257.3306885)  (395.8692932)  (1431.5225830)  (478.7147522)  (159.5677338)  (2082.4558105)  (4186.0288086)  (1556.4940186)  (227.3224945)  (4.4132829)  (191.6296539)  (990.8130493)  (669.7321777)  (990.8130493)  (191.6296539)  (4.4132829)  (227.3224945)  (1556.4940186)  (4186.0288086)  (2082.4558105)  (159.5677338)  (478.7147522)  (1431.5225830)  (395.8692932)  (257.3306885)  (6.5871005)  (1114.3272705)  (1.8456597)  (1697.3798828)  ;
(3708.6481934)  (1059.0004883)  (1262.4705811)  (2235.7548828)  (332.1211548)  (2.3572128)  (2625.5947266)  (951.3254395)  (724.3355713)  (1536.3057861)  (987.8487549)  (684.2701416)  (2473.4079590)  (206.6950226)  (8.7383280)  (16309.4306641)  (61906.5859375)  (16309.4306641)  (8.7383280)  (206.6950226)  (2473.4079590)  (684.2701416)  (987.8487549)  (1536.3057861)  (724.3355713)  (951.3254395)  (2625.5947266)  (2.3572128)  (332.1211548)  (2235.7548828)  (1262.4705811)  (1059.0004883)  (3708.6481934)  ;
(9810.9511719)  (3584.5212402)  (2993.5498047)  (6777.9233398)  (205.0438690)  (207.7282562)  (262.0404968)  (1101.8237305)  (16.7548008)  (53.9088211)  (1063.4097900)  (495.6587830)  (9684.8662109)  (1623.7713623)  (71.2398453)  (65390.9257813)  (215745.1406250)  (65390.9257813)  (71.2398453)  (1623.7713623)  (9684.8662109)  (495.6587830)  (1063.4097900)  (53.9088211)  (16.7548008)  (1101.8237305)  (262.0404968)  (207.7282562)  (205.0438690)  (6777.9233398)  (2993.5498047)  (3584.5212402)  (9810.9511719)  ;
